 1001 0 1 1 0 1 1 1 1 1 2 1 2 0 2 2 2 1 1 2 0 2 0 2 0 2 1 1 1 0 0
 1002 1 2 1 1 2 1 1 1 1 2 1 2 1 1 1 1 1 2 1 2 2 1 2 2 0 1 1 0 1 1
 1003 1 0 1 2 0 1 1 2 0 2 1 1 0 2 2 1 1 1 2 1 1 1 0 0 0 2 1 1 1 1
 1004 2 2 0 1 1 0 1 1 1 1 2 1 1 2 0 1 1 1 2 2 1 0 1 1 1 1 2 0 1 1
 1005 1 0 1 1 1 1 2 1 1 1 2 2 0 1 2 1 1 1 0 0 0 2 1 2 0 1 0 1 0 1
 1006 1 0 2 1 0 2 1 1 1 1 1 0 1 2 1 2 0 1 1 2 1 1 0 0 1 1 0 1 0 2
 1007 2 0 1 0 1 1 2 0 1 0 2 1 0 0 1 1 0 1 0 1 1 1 0 2 1 1 0 1 1 1
 1008 0 1 1 1 1 0 0 2 1 1 1 1 2 2 0 1 1 0 2 1 0 2 1 1 1 2 0 2 1 1
 1009 2 2 2 0 1 0 0 1 2 2 1 2 1 1 2 1 1 2 1 1 0 2 2 0 1 1 2 0 0 1
 1010 1 2 2 1 0 1 0 0 1 1 2 1 1 0 0 0 1 1 0 2 1 1 1 2 1 2 1 1 1 1
 1011 2 1 2 1 1 0 1 0 1 0 1 0 1 0 0 2 0 1 1 1 1 2 1 1 0 0 1 1 2 2
 1012 0 1 0 0 1 1 1 0 2 2 2 1 2 1 1 1 0 1 2 0 2 0 2 1 1 0 1 1 0 1
 1013 1 0 0 2 1 1 1 1 1 0 1 0 0 2 0 0 1 0 1 0 1 1 2 2 1 2 0 1 1 1
 1014 1 0 2 0 0 1 1 1 1 1 2 0 1 1 0 1 1 0 0 1 0 1 0 1 0 0 2 2 1 2
 1015 2 1 1 1 2 0 1 1 0 1 0 1 1 1 0 1 1 1 1 1 2 1 0 2 2 2 1 0 0 1
 1016 0 2 0 2 2 1 1 1 1 0 0 1 0 2 2 2 1 1 1 1 1 1 1 2 1 1 2 1 2 1
 1017 2 2 1 1 0 2 1 1 2 0 1 2 2 2 1 2 1 0 0 2 1 2 2 1 0 2 1 1 1 1
 1018 0 2 2 1 1 2 2 2 2 2 1 1 2 0 0 2 2 2 0 2 1 1 1 1 0 2 1 2 1 1
 1019 1 1 1 0 2 1 0 2 2 2 2 1 0 2 1 1 1 1 1 2 0 2 2 1 1 2 2 1 2 2
 1020 1 1 1 1 2 1 2 1 0 1 0 0 1 2 1 2 1 0 2 1 0 1 2 1 2 2 0 0 1 1


